
"thrust" Model Summary:
Wed Jul 11 2:01:19 PM 2018

Name: Line3
N_Segments: 4

Mean Geometry:
       x_m     y_m       d_m        z_m
 -245790.3 3195938      0.00  -171.4129
 -236925.3 3227956  33221.89 14652.0010
 -222462.1 3280192  87423.94 15225.4068
 -199752.1 3362214 172531.15 17043.3115
 -172438.1 3460863 274892.44 17492.4914

Segment Dips:
                          mean      se_mean           sd        2.5%         25%         50%         75%       97.5%    n_eff      Rhat
theta[1]           0.419684555 6.953888e-04 0.0406586181 0.342645726 0.390551758 0.418988375 0.449784180 0.495152605 3418.612 0.9999829
theta[2]           0.010578647 2.121433e-05 0.0011800513 0.008599301 0.009718765 0.010460715 0.011326503 0.013145728 3094.161 1.0005576
theta[3]           0.021356926 4.159465e-05 0.0022760856 0.017573937 0.019674338 0.021143074 0.022764644 0.026360580 2994.347 1.0003092
theta[4]           0.004388152 8.791914e-06 0.0005098262 0.003519091 0.004019112 0.004345992 0.004706456 0.005509351 3362.618 1.0001082
sigma_modelization 1.499010876 1.000208e+00 1.0187532004 1.448393729 1.479768594 1.498444792 1.517307445 1.558507034 8000.000 0.9997729

