
"thrust" Model Summary:
Wed Jul 11 2:12:49 PM 2018

Name: Line6
N_Segments: 4

Mean Geometry:
      x_m     y_m       d_m        z_m
 247805.9 3090336      0.00  -213.3325
 247404.8 3105015  14684.49  7626.6529
 246348.2 3143678  53362.10  8454.8910
 244740.6 3202503 112209.27 10554.5634
 242343.4 3290225 199964.04 11517.8142

Segment Dips:
                         mean      se_mean          sd       2.5%        25%        50%        75%      97.5%    n_eff      Rhat
theta[1]           0.49039513 1.866025e-04 0.014465487 0.45240005 0.48388740 0.49465489 0.50126278 0.50573679 6009.398 0.9998561
theta[2]           0.02141061 2.237782e-05 0.001659647 0.01830583 0.02027713 0.02134610 0.02251060 0.02483839 5500.420 0.9997656
theta[3]           0.03566496 3.633298e-05 0.002755856 0.03030396 0.03381009 0.03561188 0.03750635 0.04120889 5753.224 1.0000300
theta[4]           0.01097618 1.295908e-05 0.001159096 0.00886285 0.01018345 0.01091299 0.01171222 0.01344570 8000.000 0.9997330
sigma_modelization 1.53478749 1.000274e+00 1.024777057 1.46843591 1.50848802 1.53309046 1.55885078 1.61684919 8000.000 0.9997938

