
"thrust" Model Summary:
Wed Jul 11 2:08:17 PM 2018

Name: Line5
N_Segments: 4

Mean Geometry:
       x_m     y_m       d_m        z_m
  93762.85 3114366      0.00  -187.1699
  98284.56 3142391  28387.25  8229.3856
 104148.78 3178736  65202.67  8824.7597
 111862.38 3226544 113628.56 10006.8697
 125611.96 3311762 199948.17 10824.4168

Segment Dips:
                         mean      se_mean          sd        2.5%         25%         50%        75%      97.5%    n_eff     Rhat
theta[1]           0.28823412 5.450291e-04 0.036981195 0.223212405 0.261883399 0.285669485 0.31171615 0.36847710 4603.863 1.000448
theta[2]           0.01617046 2.926803e-05 0.001856381 0.013036046 0.014872664 0.015997479 0.01727372 0.02027823 4022.976 1.000324
theta[3]           0.02440586 4.535442e-05 0.002746431 0.019715553 0.022484351 0.024143654 0.02607275 0.03056809 3666.891 1.000451
theta[4]           0.00947088 2.278872e-05 0.001680501 0.006694598 0.008277968 0.009308384 0.01046262 0.01323140 5437.982 1.000928
sigma_modelization 1.67962714 1.000317e+00 1.028711669 1.593987553 1.647030255 1.678159636 1.71073607 1.78095889 8000.000 1.000424

