
"thrust" Model Summary:
Wed Jul 11 1:52:57 PM 2018

Name: Line1
N_Segments: 5

Mean Geometry:
       x_m     y_m       d_m       z_m
 -659144.8 3459660      0.00 -269.7323
 -652318.5 3474098  15970.29 5253.4823
 -633273.3 3514379  60526.79 5850.8511
 -623498.4 3535053  83395.32 6197.3122
 -603882.0 3576543 129288.38 7343.8424
 -573649.2 3640486 200018.54 7880.2810

Segment Dips:
                          mean      se_mean          sd       2.5%         25%         50%         75%      97.5%    n_eff      Rhat
theta[1]           0.332966853 1.037813e-03 0.050049665 0.24836829 0.297956701 0.328050410 0.363236213 0.44683743 2325.757 1.0016952
theta[2]           0.013406192 4.881382e-05 0.002176358 0.01010222 0.011905071 0.013095519 0.014557280 0.01875771 1987.811 1.0020102
theta[3]           0.015148969 5.624260e-05 0.002508074 0.01125878 0.013403226 0.014811010 0.016464556 0.02128416 1988.612 1.0019057
theta[4]           0.024977450 9.127715e-05 0.004035765 0.01883396 0.022140690 0.024391014 0.027128103 0.03456748 1954.914 1.0020977
theta[5]           0.007584153 2.921619e-05 0.001291095 0.00558694 0.006694372 0.007402965 0.008258314 0.01066594 1952.850 1.0020226
sigma_modelization 1.555083107 1.000248e+00 1.022467989 1.49265198 1.531256966 1.554136036 1.577229511 1.62822857 8000.000 0.9997083

