
"thrust" Model Summary:
Wed Jul 11 1:55:43 PM 2018

Name: Line2
N_Segments: 4

Mean Geometry:
       x_m     y_m       d_m        z_m
 -430571.3 3331303      0.00  -209.7331
 -425633.0 3348071  17480.21  9330.2224
 -408601.3 3405903  77767.81 10159.1949
 -394950.1 3452255 126088.87 11402.3575
 -367024.8 3547077 224936.65 12186.5559

Segment Dips:
                          mean      se_mean           sd        2.5%         25%         50%         75%       97.5% n_eff      Rhat
theta[1]           0.499580136 7.211894e-05 0.0064505143 0.482388918 0.497010614 0.501565898 0.504202138 0.505981114  8000 0.9995553
theta[2]           0.013749432 1.015011e-05 0.0009078535 0.012060431 0.013123772 0.013732300 0.014330574 0.015619541  8000 1.0001484
theta[3]           0.025721466 1.989002e-05 0.0017790175 0.022457423 0.024476759 0.025649208 0.026893532 0.029366753  8000 1.0003196
theta[4]           0.007933228 7.007880e-06 0.0006268038 0.006806268 0.007499975 0.007900954 0.008332499 0.009245716  8000 1.0000942
sigma_modelization 1.552709606 1.000255e+00 1.0231063474 1.488697415 1.528326435 1.551229512 1.575313494 1.629863927  8000 1.0000718

